episode, reward, success, duration, steps, total_steps, memory length, avg_critic_loss, avg_actor_loss
1, -4458.892066001892, 2, 13.747556182999688, 237, 25096,                                             25096, 0.0, 5008.84130859375
2, 2162.058614075184, 1, 10.187654311999722, 166, 25262,                                             25262, 0.0, 4596.95654296875
3, -2578.5726058483124, 2, 4.526977225999872, 74, 25336,                                             25336, 0.0, 4949.3427734375
4, -2937.7463715076447, 2, 7.132462664999366, 122, 25458,                                             25458, 0.0, 4298.37890625
5, -5518.196125030518, 2, 30.36975472499944, 528, 25986,                                             25986, 0.0, 4275.28662109375
6, -3137.7787799835205, 2, 16.156111465999857, 279, 26265,                                             26265, 0.0, 3487.065185546875
7, -3430.5428500175476, 2, 11.139376699999957, 187, 26452,                                             26452, 0.0, 3662.326416015625
8, -4007.862697005272, 2, 20.567609038000228, 354, 26806,                                             26806, 0.0, 4568.95458984375
9, -4848.740641236305, 2, 18.347223994999695, 313, 27119,                                             27119, 0.0, 4988.9423828125
10, -2753.3789583444595, 2, 8.319778048000444, 134, 27253,                                             27253, 0.0, 3851.062255859375
11, -2836.3583999872208, 2, 10.142101407000155, 171, 27424,                                             27424, 0.0, 4954.03662109375
12, -4098.32043671608, 2, 15.947137025999837, 273, 27697,                                             27697, 0.0, 4979.26953125
13, -3332.3035328388214, 2, 11.735684737000156, 199, 27896,                                             27896, 0.0, 3930.4169921875
14, -2879.835202932358, 2, 7.333479052000257, 125, 28021,                                             28021, 0.0, 5002.6630859375
15, -2836.5077834129333, 2, 9.92361928199989, 164, 28185,                                             28185, 0.0, 4263.3232421875
16, -5112.584703087807, 2, 35.2084006770001, 592, 28777,                                             28777, 0.0, 4812.81201171875
17, -316.05370342731476, 1, 25.979703016000713, 451, 29228,                                             29228, 0.0, 4189.8837890625
18, -2590.8016765117645, 2, 4.5082570860004125, 74, 29302,                                             29302, 0.0, 4268.7431640625
19, -4483.22704064846, 2, 30.98942836399965, 522, 29824,                                             29824, 0.0, 5529.0009765625
20, -3503.835275232792, 2, 22.97859476299982, 385, 30209,                                             30209, 0.0, 4655.77001953125
21, -3901.574467897415, 2, 15.772654434999822, 254, 30463,                                             30463, 0.0, 13727.490234375
22, -3394.423513650894, 3, 19.784217892000015, 332, 30795,                                             30795, 0.0, 4845.3564453125
23, -3118.177382826805, 2, 11.107289554999625, 181, 30976,                                             30976, 0.0, 5352.51318359375
24, -2874.735065460205, 2, 7.935248992000197, 130, 31106,                                             31106, 0.0, 5141.3212890625
25, -3400.1446628570557, 3, 11.130506124999556, 182, 31288,                                             31288, 0.0, 4336.73486328125
26, -2895.4727535247803, 2, 10.943923779000215, 181, 31469,                                             31469, 0.0, 4978.63720703125
27, -3044.653318166733, 2, 13.53423083600046, 214, 31683,                                             31683, 0.0, 4932.986328125
28, -4716.573741674423, 2, 33.00437580200014, 560, 32243,                                             32243, 0.0, 4587.6220703125
29, -3542.0540733337402, 2, 23.148876150000433, 377, 32620,                                             32620, 0.0, 5728.64111328125
30, -3048.263578057289, 2, 9.940851610000209, 167, 32787,                                             32787, 0.0, 6013.095703125
31, -2912.4623735547066, 2, 12.564065518999996, 205, 32992,                                             32992, 0.0, 6034.6689453125
32, -4879.882932960987, 2, 23.374945797999317, 406, 33398,                                             33398, 0.0, 7966.2177734375
33, -5427.13263630867, 2, 35.82637908200013, 580, 33978,                                             33978, 0.0, 5541.8642578125
34, -4182.182120323181, 2, 16.7296474449995, 271, 34249,                                             34249, 0.0, 5578.0791015625
35, -2951.9394785165787, 2, 13.547752260999914, 219, 34468,                                             34468, 0.0, 7395.85791015625
36, -3923.579280734062, 2, 26.58287425599974, 426, 34894,                                             34894, 0.0, 5031.814453125
37, -3434.8103014826775, 2, 16.139825188999566, 256, 35150,                                             35150, 0.0, 5650.84912109375
38, -3373.204820692539, 3, 20.207674932000373, 328, 35478,                                             35478, 0.0, 7652.3046875
39, -2749.2783279418945, 2, 8.287694595000175, 129, 35607,                                             35607, 0.0, 3968.796630859375
40, -3522.085794568062, 4, 49.63816028100064, 798, 36405,                                             36405, 0.0, 7704.19482421875
41, -4067.0647524297237, 2, 27.37346592600079, 429, 36834,                                             36834, 0.0, 7494.7490234375
42, -3170.4900708198547, 2, 15.140647932999855, 237, 37071,                                             37071, 0.0, 6827.84423828125
43, -2530.6684279441833, 2, 6.133780684999692, 96, 37167,                                             37167, 0.0, 8829.94140625
44, -4499.156752109528, 2, 27.56167881500005, 430, 37597,                                             37597, 0.0, 5859.494140625
45, -3275.543315887451, 2, 13.945486103999428, 213, 37810,                                             37810, 0.0, 5443.732421875
46, -3113.398402631283, 2, 14.950679120999666, 245, 38055,                                             38055, 0.0, 5821.056640625
47, -3038.9717831611633, 2, 12.729280365000704, 211, 38266,                                             38266, 0.0, 6789.13671875
48, -5242.143620967865, 2, 39.81810036200022, 653, 38919,                                             38919, 0.0, 5858.0634765625
49, -2749.6976342201233, 2, 7.318636496999716, 119, 39038,                                             39038, 0.0, 4071.683837890625
50, -4486.187752723694, 2, 17.55424902300001, 293, 39331,                                             39331, 0.0, 5856.54736328125
51, -2540.757491827011, 2, 6.1480600229997435, 99, 39430,                                             39430, 0.0, 6015.75439453125
52, -3586.823631644249, 2, 18.609994065000137, 310, 39740,                                             39740, 0.0, 6539.02783203125
53, -3143.2179787158966, 2, 17.29639556500024, 264, 40004,                                             40004, 0.0, 6905.2041015625
54, -3489.741087913513, 2, 14.147598210999604, 222, 40226,                                             40226, 0.0, 5592.51953125
55, -3501.4489430189133, 2, 20.769072791000326, 321, 40547,                                             40547, 0.0, 6231.93212890625
56, -3782.645341873169, 2, 23.758462090999274, 355, 40902,                                             40902, 0.0, 6011.54150390625
57, -4575.2051347494125, 2, 22.975728835000155, 356, 41258,                                             41258, 0.0, 4197.19140625
58, -2997.405893802643, 2, 12.332374747000358, 187, 41445,                                             41445, 0.0, 4873.18603515625
59, 2215.7616636157036, 1, 6.133442117999948, 94, 41539,                                             41539, 0.0, 4831.51416015625
60, -2585.98078083992, 2, 4.9118117200005145, 73, 41612,                                             41612, 0.0, 3638.23193359375
61, -3385.0675967931747, 2, 16.18472903899965, 240, 41852,                                             41852, 0.0, 5243.66259765625
62, -2842.145899295807, 3, 9.741972317000545, 152, 42004,                                             42004, 0.0, 5707.27978515625
63, -3101.7685930728912, 2, 15.765596889000335, 237, 42241,                                             42241, 0.0, 4510.0263671875
64, -3175.5310692191124, 2, 18.548170848000154, 283, 42524,                                             42524, 0.0, 4891.1904296875
65, -2939.778248488903, 2, 12.150916370000232, 176, 42700,                                             42700, 0.0, 4734.375
66, -2755.535651922226, 2, 8.11947903700002, 119, 42819,                                             42819, 0.0, 4868.19287109375
67, -3276.1208341121674, 2, 17.16374235300009, 260, 43079,                                             43079, 0.0, 4409.9716796875
68, -3143.104238510132, 2, 12.542843914000514, 191, 43270,                                             43270, 0.0, 4062.23291015625
69, -4376.894251227379, 2, 21.7663171460008, 333, 43603,                                             43603, 0.0, 4198.11767578125
70, -3749.1589807271957, 3, 24.564647057999537, 371, 43974,                                             43974, 0.0, 4655.404296875
71, -3751.284045815468, 3, 13.174841691000438, 204, 44178,                                             44178, 0.0, 4888.29248046875
72, -4109.994941115379, 2, 17.353739707000386, 267, 44445,                                             44445, 0.0, 5325.18798828125
73, -2979.03047978878, 2, 13.339302307999787, 191, 44636,                                             44636, 0.0, 5439.642578125
74, -4533.404447317123, 4, 49.84287990499979, 771, 45407,                                             45407, 0.0, 4548.130859375
75, -3296.824736237526, 2, 13.596010009000565, 201, 45608,                                             45608, 0.0, 3902.161376953125
76, -4125.194919586182, 2, 29.134340012999928, 441, 46049,                                             46049, 0.0, 4960.33154296875
77, -3020.57968378067, 2, 9.927494680000564, 147, 46196,                                             46196, 0.0, 3283.327880859375
78, -4003.1847361922264, 3, 18.5628599089996, 289, 46485,                                             46485, 0.0, 4231.52880859375
79, -3848.5778609514236, 2, 23.357424726999852, 360, 46845,                                             46845, 0.0, 4258.3076171875
80, -2786.575617134571, 2, 10.343123804000243, 159, 47004,                                             47004, 0.0, 4058.249267578125
81, -3020.627651453018, 2, 10.747853529000167, 163, 47167,                                             47167, 0.0, 3530.909912109375
82, -4149.742113113403, 2, 20.97329019300014, 312, 47479,                                             47479, 0.0, 4154.55029296875
83, -4069.8229579925537, 2, 26.18518039599985, 403, 47882,                                             47882, 0.0, 4198.64990234375
84, -2778.903628349304, 2, 8.718477639000412, 131, 48013,                                             48013, 0.0, 3777.906005859375
85, -3279.2148475646973, 2, 15.55166681799983, 239, 48252,                                             48252, 0.0, 4893.92041015625
86, -3189.7867077589035, 2, 10.723393453999961, 161, 48413,                                             48413, 0.0, 4965.01806640625
87, -3424.9147737026215, 2, 18.35795118199985, 273, 48686,                                             48686, 0.0, 4224.16259765625
88, -3553.9513640403748, 3, 15.33609153999987, 236, 48922,                                             48922, 0.0, 4957.6171875
89, -4385.768781900406, 2, 38.20550485500007, 593, 49515,                                             49515, 0.0, 4768.11767578125
90, -5144.77801156044, 2, 37.41454446100033, 577, 50092,                                             50092, 0.0, 4666.18603515625
91, -3991.308096885681, 2, 20.566189318999932, 331, 50423,                                             50423, 0.0, 3781.3330078125
92, -2917.3429083824158, 2, 7.935510908000651, 123, 50546,                                             50546, 0.0, 4017.432861328125
93, -2581.6488465070724, 2, 7.177532617999532, 116, 50662,                                             50662, 0.0, 4526.70751953125
94, -3838.4811395406723, 2, 22.128712441999596, 350, 51012,                                             51012, 0.0, 3824.166748046875
95, -3139.278625011444, 2, 12.127677614999811, 195, 51207,                                             51207, 0.0, 3883.248779296875
96, -4999.089339733124, 2, 35.80145242099934, 559, 51766,                                             51766, 0.0, 3712.35595703125
97, 1905.4397954940796, 1, 10.963023688000249, 183, 51949,                                             51949, 0.0, 7792.88916015625
98, -3891.2967813014984, 2, 18.326247832000263, 299, 52248,                                             52248, 0.0, 3696.397216796875
99, -3669.4736465215683, 3, 20.360751358000016, 318, 52566,                                             52566, 0.0, 4047.483154296875
100, -3726.906777858734, 3, 22.753845328999887, 365, 52931,                                             52931, 0.0, 4072.789794921875
101, -3765.626626968384, 3, 16.8544289320007, 272, 53203,                                             53203, 0.0, 3749.90478515625
102, -3166.3764783143997, 2, 14.35610532499959, 231, 53434,                                             53434, 0.0, 3837.65087890625
103, -3166.930518269539, 2, 15.941481472000305, 243, 53677,                                             53677, 0.0, 3842.6865234375
104, -5712.073847830296, 4, 50.460775925000235, 833, 54510,                                             54510, 0.0, 3974.239990234375
105, -2898.5423793792725, 2, 11.109831232000033, 172, 54682,                                             54682, 0.0, 3703.912841796875
106, -3420.351334810257, 3, 17.5644348779997, 282, 54964,                                             54964, 0.0, 3708.975341796875
107, -5724.664247751236, 2, 31.99563038800079, 498, 55462,                                             55462, 0.0, 3433.95849609375
108, -4079.4212394952774, 4, 49.83291493300021, 802, 56264,                                             56264, 0.0, 3768.724365234375
109, -2914.117531299591, 2, 10.33865805000005, 171, 56435,                                             56435, 0.0, 3716.054443359375
110, -4057.3938380479813, 3, 15.138401320999947, 237, 56672,                                             56672, 0.0, 3490.2666015625
111, -4969.204525709152, 2, 20.798210748999736, 338, 57010,                                             57010, 0.0, 4327.93896484375
112, -3027.1119725704193, 3, 11.331730440999308, 181, 57191,                                             57191, 0.0, 3359.640869140625
113, -5002.750069737434, 2, 23.98132950299987, 396, 57587,                                             57587, 0.0, 3630.907470703125
114, -5076.034123599529, 2, 32.98362218300008, 539, 58126,                                             58126, 0.0, 4281.12744140625
115, -5918.100581765175, 2, 38.19453241699921, 614, 58740,                                             58740, 0.0, 3627.521240234375
116, -2808.0082128047943, 2, 8.336119620000318, 136, 58876,                                             58876, 0.0, 3992.87548828125
117, -2884.1305072307587, 2, 10.32288814399999, 164, 59040,                                             59040, 0.0, 8685.96875
118, -3578.7550930976868, 2, 15.140010191000329, 251, 59291,                                             59291, 0.0, 4073.927001953125
119, -4171.806730031967, 2, 16.361949590999757, 275, 59566,                                             59566, 0.0, 5463.16015625
120, -2922.513233602047, 2, 14.750189411000065, 232, 59798,                                             59798, 0.0, 4092.072998046875
121, -4521.543213248253, 2, 18.762406814000315, 303, 60101,                                             60101, 0.0, 4005.744140625
122, -3519.907655477524, 2, 15.154429491999508, 252, 60353,                                             60353, 0.0, 4777.685546875
123, -3970.1046097278595, 4, 49.63389325800017, 833, 61186,                                             61186, 0.0, 5132.14599609375
124, -5140.522631883621, 2, 41.62604768199981, 662, 61848,                                             61848, 0.0, 5219.333984375
125, -3649.635418534279, 2, 22.171502627000336, 337, 62185,                                             62185, 0.0, 4359.76416015625
126, -4683.920746564865, 2, 23.9659369459996, 368, 62553,                                             62553, 0.0, 4523.638671875
127, -3520.1954416036606, 2, 14.77815606599961, 228, 62781,                                             62781, 0.0, 4537.53759765625
128, -7643.640675902367, 2, 34.561022081000374, 562, 63343,                                             63343, 0.0, 4824.38427734375
129, -3575.3634308576584, 2, 20.168220352999924, 324, 63667,                                             63667, 0.0, 4446.037109375
130, -2888.552669286728, 2, 10.92899516899979, 169, 63836,                                             63836, 0.0, 9404.916015625
131, -4650.093258261681, 2, 33.425658320000366, 544, 64380,                                             64380, 0.0, 4087.5546875
132, -2890.6629289388657, 2, 12.132375688000138, 186, 64566,                                             64566, 0.0, 4143.1904296875
133, -4122.313293814659, 2, 27.57167773999936, 413, 64979,                                             64979, 0.0, 4439.26123046875
134, -3797.0980875492096, 2, 15.73405164399992, 251, 65230,                                             65230, 0.0, 4853.93212890625
135, -3417.8113112449646, 2, 10.551246248999632, 172, 65402,                                             65402, 0.0, 5398.4931640625
136, -3221.400010228157, 2, 13.529668095000488, 214, 65616,                                             65616, 0.0, 37379.5546875
137, -2757.545284450054, 2, 8.137275784999474, 128, 65744,                                             65744, 0.0, 4963.59326171875
138, -3278.808076441288, 2, 17.16099948700048, 280, 66024,                                             66024, 0.0, 4247.89208984375
139, -3443.089577496052, 3, 20.349082219000593, 320, 66344,                                             66344, 0.0, 4240.60986328125
140, -3489.364361166954, 2, 19.767144489999737, 319, 66663,                                             66663, 0.0, 4490.9404296875
141, -2953.3701733350754, 3, 11.125448456999948, 171, 66834,                                             66834, 0.0, 4429.123046875
142, -4656.297942519188, 3, 21.971382266000546, 358, 67192,                                             67192, 0.0, 4304.4521484375
143, -5218.997123599052, 2, 33.78875602700009, 550, 67742,                                             67742, 0.0, 4161.72705078125
144, -4194.285116434097, 3, 26.569215878999785, 430, 68172,                                             68172, 0.0, 4079.1357421875
145, -5474.432843327522, 3, 42.238840861000426, 675, 68847,                                             68847, 0.0, 3792.156005859375
146, -4645.565718114376, 4, 49.81500033700013, 805, 69652,                                             69652, 0.0, 4304.8388671875
147, -4242.8962389826775, 4, 50.45723890000045, 826, 70478,                                             70478, 0.0, 4191.6005859375
148, -3906.4530436992645, 2, 16.31832277600006, 261, 70739,                                             70739, 0.0, 3839.187744140625
149, -3600.722133755684, 3, 18.363371317999736, 280, 71019,                                             71019, 0.0, 3969.990966796875
150, -3343.1983989477158, 3, 24.361466359000588, 270, 71289,                                             71289, 0.0, 4542.65673828125
151, -3545.5632762908936, 3, 27.8741157759996, 291, 71580,                                             71580, 0.0, 4608.46875
152, -2386.2480190992355, 4, 49.95306681599959, 502, 72082,                                             72082, 0.0, 3859.5087890625
153, -3291.966965675354, 3, 20.554048975000114, 273, 72355,                                             72355, 0.0, 4079.18408203125
154, -3414.695942044258, 2, 23.174791942999946, 253, 72608,                                             72608, 0.0, 3970.86328125
155, 1286.6829120516777, 1, 25.015767560999848, 364, 72972,                                             72972, 0.0, 4118.98193359375
156, -2780.1039165258408, 2, 9.289532980999866, 125, 73097,                                             73097, 0.0, 4182.7587890625
157, -3500.75013256073, 3, 28.232000076000077, 314, 73411,                                             73411, 0.0, 4167.611328125
158, -3203.23246884346, 3, 23.51540897799987, 248, 73659,                                             73659, 0.0, 4850.6962890625
159, -4576.601322948933, 2, 38.86152333899918, 397, 74056,                                             74056, 0.0, 4678.69677734375
160, -2350.617466390133, 4, 49.783038970000234, 546, 74602,                                             74602, 0.0, 5005.75048828125
161, -3928.1669911146164, 2, 25.78577726399999, 294, 74896,                                             74896, 0.0, 4924.19189453125
162, -3135.532015800476, 3, 23.55891659200006, 253, 75149,                                             75149, 0.0, 4780.78564453125
163, -4330.97456073761, 2, 21.159974350000084, 235, 75384,                                             75384, 0.0, 5031.42822265625
164, -2949.1645340919495, 4, 50.83757069300009, 585, 75969,                                             75969, 0.0, 5057.65869140625
165, -3388.7399331331253, 3, 22.75654841800042, 253, 76222,                                             76222, 0.0, 7553.9755859375
166, -4214.139239788055, 2, 21.768916426000033, 363, 76585,                                             76585, 0.0, 4403.1611328125
167, -4415.602505505085, 2, 47.0221476279994, 597, 77182,                                             77182, 0.0, 4464.06005859375
168, -2677.205684185028, 2, 7.317840705999515, 103, 77285,                                             77285, 0.0, 4165.68212890625
169, -3646.1047293543816, 2, 22.578041853000286, 342, 77627,                                             77627, 0.0, 36414.8203125
170, -3407.1294127702713, 3, 21.537211465999462, 285, 77912,                                             77912, 0.0, 4303.4365234375
171, -3181.941324055195, 2, 12.143934744000035, 183, 78095,                                             78095, 0.0, 4116.498046875
172, -3426.926926136017, 2, 17.339032642999882, 221, 78316,                                             78316, 0.0, 4436.83349609375
173, -2850.9426589608192, 4, 49.838495881999734, 577, 78893,                                             78893, 0.0, 4508.1123046875
174, -5070.957031965256, 2, 34.38587295999969, 508, 79401,                                             79401, 0.0, 5019.3134765625
175, 1871.6410788297653, 1, 18.19573751200005, 222, 79623,                                             79623, 0.0, 4647.7978515625
176, -3205.6487263441086, 2, 11.093012225001075, 169, 79792,                                             79792, 0.0, 4536.8681640625
177, -3476.2103803157806, 3, 13.552373437001734, 184, 79976,                                             79976, 0.0, 4571.00830078125
178, -3224.3445898890495, 3, 15.54945798100016, 207, 80183,                                             80183, 0.0, 4348.42822265625
179, -4105.199579954147, 2, 17.548459427000125, 287, 80470,                                             80470, 0.0, 5673.578125
180, -3103.638253211975, 2, 13.770486581999648, 195, 80665,                                             80665, 0.0, 4610.09765625
181, -3713.966865301132, 3, 15.35132324999904, 251, 80916,                                             80916, 0.0, 4556.2978515625
182, -3099.8850762844086, 3, 10.341221792999931, 173, 81089,                                             81089, 0.0, 4598.2021484375
183, -2839.3417706489563, 2, 10.932291355000416, 166, 81255,                                             81255, 0.0, 4237.95361328125
184, -3793.2233570814133, 2, 21.75989531199957, 305, 81560,                                             81560, 0.0, 4514.14794921875
185, -4093.3361579179764, 4, 49.839251397001135, 650, 82210,                                             82210, 0.0, 4376.3564453125
186, -3756.529179215431, 3, 23.181902668000475, 352, 82562,                                             82562, 0.0, 4692.97412109375
187, -3636.5585267543793, 2, 18.354891589000545, 307, 82869,                                             82869, 0.0, 168264.84375
188, -4466.944558084011, 2, 32.98805454899957, 537, 83406,                                             83406, 0.0, 4459.9208984375
189, -1188.2855639755726, 1, 34.21856758300055, 560, 83966,                                             83966, 0.0, 4727.01904296875
190, -4518.476016521454, 2, 18.73286721600016, 305, 84271,                                             84271, 0.0, 4388.79736328125
191, -3291.5455827713013, 2, 12.697453205999409, 213, 84484,                                             84484, 0.0, 4534.74267578125
192, -3637.5657093524933, 3, 21.354442018000555, 363, 84847,                                             84847, 0.0, 4892.92138671875
193, -3425.866310238838, 2, 16.1661341300005, 273, 85120,                                             85120, 0.0, 142102.578125
194, -3647.2725397348404, 3, 20.54491934699945, 337, 85457,                                             85457, 0.0, 5739.07470703125
195, 1499.7620461285114, 1, 11.346500731999186, 189, 85646,                                             85646, 0.0, 5905.1181640625
196, -4244.970751523972, 4, 50.02698663299998, 828, 86474,                                             86474, 0.0, 5343.291015625
197, -3869.713257074356, 4, 49.839317115000085, 834, 87308,                                             87308, 0.0, 5920.86474609375
198, -3715.20078933239, 4, 49.827466045999245, 816, 88124,                                             88124, 0.0, 5204.3779296875
199, -5232.284774899483, 2, 38.224237152999194, 634, 88758,                                             88758, 0.0, 5382.89306640625
200, -4815.758694648743, 2, 30.776963932999934, 512, 89270,                                             89270, 0.0, 6850.12255859375
201, -4494.162065029144, 2, 28.36740140599977, 472, 89742,                                             89742, 0.0, 6351.24365234375
202, -3625.3264741301537, 3, 20.170365996000328, 339, 90081,                                             90081, 0.0, 6434.5400390625
203, -1777.1491688489914, 1, 48.216933851999784, 808, 90889,                                             90889, 0.0, 6682.2685546875
204, -3696.425859928131, 4, 50.0501441159995, 830, 91719,                                             91719, 0.0, 6925.86865234375
205, -3892.0010210871696, 3, 24.36964712400004, 407, 92126,                                             92126, 0.0, 6905.8759765625
206, -4570.192302584648, 3, 22.976627686999564, 380, 92506,                                             92506, 0.0, 6384.4052734375
207, -3944.4985073804855, 4, 50.03858098599994, 728, 93234,                                             93234, 0.0, 6934.2353515625
208, -3487.6531261205673, 3, 19.979830727999797, 287, 93521,                                             93521, 0.0, 468836.84375
209, -3897.313371181488, 2, 23.552895292999892, 319, 93840,                                             93840, 0.0, 7083.4716796875
210, -3341.7451754808426, 4, 50.844312278999496, 825, 94665,                                             94665, 0.0, 6644.39404296875
211, -3975.981715977192, 3, 27.15883479400145, 417, 95082,                                             95082, 0.0, 6503.578125
212, -3670.57059442997, 4, 50.04248746399935, 733, 95815,                                             95815, 0.0, 5909.0478515625
213, -4427.439836025238, 3, 26.780971908001447, 383, 96198,                                             96198, 0.0, 5101.5693359375
214, -3213.262347102165, 3, 17.74334863400145, 242, 96440,                                             96440, 0.0, 5907.34716796875
215, -3030.02481508255, 4, 49.83984201899875, 679, 97119,                                             97119, 0.0, 19780.302734375
216, -3475.710758805275, 4, 49.8347321250003, 704, 97823,                                             97823, 0.0, 5811.15673828125
217, -4013.7059687376022, 3, 26.171161867998308, 416, 98239,                                             98239, 0.0, 5708.5390625
218, -3784.479951262474, 3, 24.011507544999404, 316, 98555,                                             98555, 0.0, 5565.7724609375
219, -4352.089431643486, 4, 50.002312507998795, 802, 99357,                                             99357, 0.0, 5645.1103515625
220, -3244.4553624391556, 4, 49.63743365499977, 680, 100037,                                             100037, 0.0, 5334.28466796875
221, -3333.6804338097572, 3, 17.924041435000618, 274, 100311,                                             100311, 0.0, 5461.20166015625
222, -3004.5650938749313, 2, 15.139344695000545, 232, 100543,                                             100543, 0.0, 6103.34521484375
223, -3643.445422410965, 4, 49.84462249100034, 734, 101277,                                             101277, 0.0, 5600.26611328125
224, -4813.7537924051285, 3, 27.78927042900068, 431, 101708,                                             101708, 0.0, 5545.1318359375
225, -3770.341090619564, 2, 23.373077054000532, 370, 102078,                                             102078, 0.0, 5358.2109375
226, -3750.182709813118, 3, 22.976749059998838, 360, 102438,                                             102438, 0.0, 5057.93212890625
227, -4069.96970808506, 3, 23.771575885000857, 374, 102812,                                             102812, 0.0, 5261.8125
228, -4011.9732392430305, 3, 23.359100444000433, 377, 103189,                                             103189, 0.0, 4921.9921875
229, 1724.239621758461, 1, 15.173679432000426, 220, 103409,                                             103409, 0.0, 5537.6484375
230, -3167.8950914144516, 3, 14.119133395000972, 207, 103616,                                             103616, 0.0, 5462.1533203125
231, -5246.703858494759, 3, 42.815346047000276, 665, 104281,                                             104281, 0.0, 5972.55126953125
232, -4591.88265389204, 4, 49.82757424800002, 806, 105087,                                             105087, 0.0, 5925.9794921875
233, -3836.3160325288773, 4, 49.84054041200034, 760, 105847,                                             105847, 0.0, 5275.91796875
234, -4057.8856640458107, 4, 50.6519100860005, 795, 106642,                                             106642, 0.0, 5403.8515625
235, -3711.653701841831, 4, 49.66139357800057, 749, 107391,                                             107391, 0.0, 4977.55419921875
236, 2192.8191121816635, 1, 6.299827971999548, 100, 107491,                                             107491, 0.0, 5605.85205078125
237, -3313.198214173317, 3, 17.96044006000011, 289, 107780,                                             107780, 0.0, 40689.22265625
238, -4786.85653424263, 3, 25.97712110499924, 426, 108206,                                             108206, 0.0, 699442.125
239, -3963.2419018745422, 4, 50.82764014699933, 831, 109037,                                             109037, 0.0, 5768.470703125
240, -3600.4668502807617, 3, 16.557296697999845, 273, 109310,                                             109310, 0.0, 5741.02587890625
241, 2028.7018596231937, 1, 11.911342874000184, 188, 109498,                                             109498, 0.0, 5909.0458984375
242, -4916.675455331802, 2, 22.375494202999107, 371, 109869,                                             109869, 0.0, 28860.248046875
243, -5155.943345785141, 3, 22.953899178999563, 387, 110256,                                             110256, 0.0, 5136.83642578125
244, -6261.768435239792, 2, 48.44043920600052, 821, 111077,                                             111077, 0.0, 5565.53759765625
245, -3520.057603240013, 3, 20.761277502000667, 339, 111416,                                             111416, 0.0, 22934.857421875
246, -3910.9033489227295, 4, 49.64289431799989, 823, 112239,                                             112239, 0.0, 4968.33447265625
247, 1777.9881339669228, 1, 10.926349187000596, 180, 112419,                                             112419, 0.0, 4981.22119140625
248, -3626.3394106030464, 4, 50.250305217999994, 843, 113262,                                             113262, 0.0, 5089.0009765625
249, -6773.5466594696045, 2, 40.8112638370003, 672, 113934,                                             113934, 0.0, 23013.8359375
250, -5246.001676142216, 2, 32.78381727799933, 555, 114489,                                             114489, 0.0, 5054.5595703125
251, -2981.1575511693954, 2, 10.924573025999052, 181, 114670,                                             114670, 0.0, 5301.82373046875
252, -4715.531272053719, 2, 35.19613216899961, 593, 115263,                                             115263, 0.0, 5041.77880859375
253, 569.0941996574402, 1, 25.38802620699971, 426, 115689,                                             115689, 0.0, 5438.0634765625
254, 980.0725229084492, 1, 23.758903842999644, 371, 116060,                                             116060, 0.0, 5655.79443359375
255, -6208.080504953861, 2, 48.43720952500007, 799, 116859,                                             116859, 0.0, 5331.5693359375
256, -3719.771382331848, 3, 17.541918208000425, 292, 117151,                                             117151, 0.0, 4977.609375
257, -3772.546095252037, 3, 19.960161118000542, 323, 117474,                                             117474, 0.0, 4699.4765625
258, -3561.086930334568, 3, 15.942788774000292, 258, 117732,                                             117732, 0.0, 4963.89453125
259, -3052.581833422184, 2, 14.9536042740001, 244, 117976,                                             117976, 0.0, 5469.87548828125
260, -4020.5512843728065, 3, 26.98526209100055, 444, 118420,                                             118420, 0.0, 5109.9609375
261, -4382.259477853775, 2, 24.362536254000588, 403, 118823,                                             118823, 0.0, 4910.92041015625
262, -5264.126759231091, 2, 43.002997043000505, 693, 119516,                                             119516, 0.0, 5161.138671875
263, -4185.683576703072, 4, 49.8347030169989, 823, 120339,                                             120339, 0.0, 5122.619140625
264, 1501.3120365142822, 1, 15.73501902299904, 248, 120587,                                             120587, 0.0, 5096.2802734375
265, -2531.5480798482895, 3, 6.132342486998823, 99, 120686,                                             120686, 0.0, 4584.658203125
266, 1167.7956409454346, 1, 18.967112823998832, 305, 120991,                                             120991, 0.0, 4970.00048828125
267, -4078.9135145545006, 4, 50.422161963999315, 823, 121814,                                             121814, 0.0, 5004.6259765625
268, 1542.7435058355331, 1, 16.356070392999754, 256, 122070,                                             122070, 0.0, 4442.38720703125
269, -2948.7861813902855, 4, 50.03017721099968, 807, 122877,                                             122877, 0.0, 4776.29638671875
270, -3648.7255125045776, 4, 50.64694081500056, 815, 123692,                                             123692, 0.0, 4733.13427734375
271, -5355.153012037277, 2, 32.56498355400072, 526, 124218,                                             124218, 0.0, 4017.43017578125
272, -5670.898594737053, 4, 49.44552746399859, 806, 125024,                                             125024, 0.0, 5447.19189453125
273, -4672.1379861831665, 2, 19.553149733999817, 309, 125333,                                             125333, 0.0, 4744.8271484375
274, -5005.2774884700775, 4, 50.44194342300034, 834, 126167,                                             126167, 0.0, 4923.41357421875
275, -6615.264678001404, 2, 43.82853215900104, 719, 126886,                                             126886, 0.0, 5453.498046875
276, -4255.320593118668, 4, 49.833161272001234, 800, 127686,                                             127686, 0.0, 4572.64794921875
277, -3849.437530040741, 3, 24.37724096400052, 395, 128081,                                             128081, 0.0, 4469.87353515625
278, -3632.7868826389313, 3, 16.55964803000097, 259, 128340,                                             128340, 0.0, 4393.0458984375
279, -3830.095382332802, 3, 19.361982620999697, 309, 128649,                                             128649, 0.0, 4362.04150390625
280, -3743.8555538654327, 3, 18.366794769999615, 301, 128950,                                             128950, 0.0, 4482.68896484375
281, -3273.4356991052628, 3, 16.342885438998564, 261, 129211,                                             129211, 0.0, 4183.78564453125
282, -5563.391680598259, 4, 49.44582386300135, 814, 130025,                                             130025, 0.0, 82844.8515625
283, -2889.0814530849457, 4, 49.829692638999404, 804, 130829,                                             130829, 0.0, 4540.67236328125
284, -3357.568343937397, 3, 15.75689419399896, 261, 131090,                                             131090, 0.0, 4329.7099609375
285, -3317.9773921966553, 3, 15.758870531999492, 256, 131346,                                             131346, 0.0, 4786.361328125
286, -3584.6054055690765, 4, 49.661333710999315, 818, 132164,                                             132164, 0.0, 4725.89013671875
287, -3582.80178463459, 3, 18.940849908998644, 302, 132466,                                             132466, 0.0, 4818.04736328125
288, -3032.1204946041107, 3, 13.746840275998693, 225, 132691,                                             132691, 0.0, 4998.37890625
289, -2772.548491716385, 2, 8.52185932700013, 135, 132826,                                             132826, 0.0, 4824.68896484375
290, -3987.840597987175, 4, 49.847342748998926, 821, 133647,                                             133647, 0.0, 5116.220703125
291, 659.4151981472969, 1, 30.365680644999884, 501, 134148,                                             134148, 0.0, 5240.07470703125
292, -3486.669970691204, 4, 49.84123770000042, 818, 134966,                                             134966, 0.0, 4314.84375
293, -4543.950358629227, 3, 24.96547665000071, 400, 135366,                                             135366, 0.0, 5497.17431640625
294, -5214.870592713356, 2, 45.21103898799993, 723, 136089,                                             136089, 0.0, 4795.61865234375
295, -4421.283163547516, 4, 49.848492962999444, 815, 136904,                                             136904, 0.0, 4426.833984375
296, -4506.137979030609, 4, 49.825706812000135, 824, 137728,                                             137728, 0.0, 4872.51025390625
297, -3666.5936985611916, 4, 49.84530756800086, 827, 138555,                                             138555, 0.0, 4825.33154296875
298, -3763.79135286808, 3, 18.965296409000075, 309, 138864,                                             138864, 0.0, 4624.17822265625
299, -3383.5159739255905, 4, 49.644318495000334, 823, 139687,                                             139687, 0.0, 5185.9853515625
300, -3704.2372641265392, 4, 50.83141819499906, 830, 140517,                                             140517, 0.0, 5036.76220703125
301, -3934.963399887085, 3, 25.823592564998762, 417, 140934,                                             140934, 0.0, 5031.58447265625
302, 501.41413936018944, 1, 34.60337407600127, 566, 141500,                                             141500, 0.0, 5119.1025390625
303, -3654.29868298769, 4, 50.82609211700037, 814, 142314,                                             142314, 0.0, 4659.64453125
304, -1529.2716490030289, 1, 48.84591677699973, 785, 143099,                                             143099, 0.0, 4804.08251953125
305, -3312.543534219265, 4, 50.63028708599995, 825, 143924,                                             143924, 0.0, 4832.6181640625
306, -3804.156775712967, 4, 50.64540710399888, 806, 144730,                                             144730, 0.0, 71458.28125
307, -3534.7145406007767, 4, 49.83111688200006, 818, 145548,                                             145548, 0.0, 5212.6455078125
308, -3407.2858125567436, 4, 49.84577319300115, 808, 146356,                                             146356, 0.0, 5106.31982421875
309, -4593.015739619732, 2, 33.398732035999274, 544, 146900,                                             146900, 0.0, 4646.1103515625
310, -3467.835860490799, 4, 49.81937660699987, 800, 147700,                                             147700, 0.0, 4764.22802734375
311, -3862.8919157981873, 4, 49.99637045199961, 773, 148473,                                             148473, 0.0, 4753.330078125
312, 925.5907534956932, 1, 25.178747535001094, 384, 148857,                                             148857, 0.0, 4686.701171875
313, -3136.76079082489, 4, 50.03105496700118, 761, 149618,                                             149618, 0.0, 4650.85107421875
314, -4756.715591132641, 4, 49.8566277910013, 764, 150382,                                             150382, 0.0, 4900.0419921875
315, -3953.755967259407, 3, 25.989970144000836, 391, 150773,                                             150773, 0.0, 6194.49853515625
316, -3016.025190472603, 4, 49.435259750000114, 749, 151522,                                             151522, 0.0, 8126.970703125
317, -3270.851026713848, 4, 49.637593608000316, 767, 152289,                                             152289, 0.0, 5140.79541015625
318, -2979.6556872427464, 4, 50.0419869769994, 770, 153059,                                             153059, 0.0, 4554.7626953125
319, -770.0689049363136, 1, 47.63754933400014, 713, 153772,                                             153772, 0.0, 4361.44677734375
320, -3607.301495075226, 4, 50.039697359001366, 762, 154534,                                             154534, 0.0, 11632.12109375
321, -3127.42591381073, 4, 49.40077512800053, 748, 155282,                                             155282, 0.0, 5439.998046875
322, -3792.2458485364914, 3, 22.954288535998785, 349, 155631,                                             155631, 0.0, 4359.97509765625
323, -3912.1225749254227, 3, 24.97317066799951, 402, 156033,                                             156033, 0.0, 10560.0009765625
324, -4102.1951224803925, 3, 25.973848751998958, 421, 156454,                                             156454, 0.0, 5204.0576171875
325, -4335.985480546951, 3, 27.176240124999822, 446, 156900,                                             156900, 0.0, 8124.97607421875
326, -3592.6869934797287, 3, 20.98361057799957, 333, 157233,                                             157233, 0.0, 4823.7294921875
327, -4188.964626073837, 4, 49.999920676998954, 828, 158061,                                             158061, 0.0, 6130.236328125
328, 2263.269186079502, 1, 5.127584603000287, 86, 158147,                                             158147, 0.0, 3948.11328125
329, -2940.4418717622757, 2, 8.32054436800172, 130, 158277,                                             158277, 0.0, 4344.61083984375
330, -6406.188844203949, 2, 45.635033628999736, 761, 159038,                                             159038, 0.0, 5081.9501953125
331, 891.071259021759, 1, 24.712597267998717, 395, 159433,                                             159433, 0.0, 4220.1796875
332, 110.43353706598282, 1, 26.18549041500046, 438, 159871,                                             159871, 0.0, 4418.52978515625
333, -4184.049450993538, 4, 50.02884158800043, 836, 160707,                                             160707, 0.0, 5384.01513671875
334, -3708.8787002563477, 3, 21.169478562000222, 366, 161073,                                             161073, 0.0, 4669.1201171875
335, -3713.879774212837, 4, 49.830420879001394, 858, 161931,                                             161931, 0.0, 4123.09912109375
336, -3169.943298101425, 3, 15.761166726999363, 270, 162201,                                             162201, 0.0, 4546.9599609375
337, -3692.3476127386093, 2, 15.353992954000205, 263, 162464,                                             162464, 0.0, 4288.30712890625
338, -5483.648917078972, 2, 34.00584571800027, 574, 163038,                                             163038, 0.0, 3945.15283203125
339, -4327.396515727043, 3, 20.56576784400022, 348, 163386,                                             163386, 0.0, 4445.65576171875
340, -4646.730338811874, 4, 49.82680489099948, 847, 164233,                                             164233, 0.0, 4330.1201171875
341, -3812.397797703743, 4, 49.798964091000016, 837, 165070,                                             165070, 0.0, 4642.7998046875
342, 1605.532439827919, 1, 13.33471173900034, 220, 165290,                                             165290, 0.0, 4398.7509765625
343, -3628.232308983803, 4, 49.842698579999706, 842, 166132,                                             166132, 0.0, 4610.41845703125
344, -4347.803543806076, 4, 49.834384992000196, 843, 166975,                                             166975, 0.0, 4334.35107421875
345, -4932.934198021889, 2, 31.195523307000258, 533, 167508,                                             167508, 0.0, 4644.56103515625
346, -3818.884736418724, 3, 20.554726718999518, 340, 167848,                                             167848, 0.0, 4831.83251953125
347, 514.9584690928459, 1, 21.590142656999888, 363, 168211,                                             168211, 0.0, 4379.25146484375
348, -3619.4941915273666, 4, 50.81038737699964, 857, 169068,                                             169068, 0.0, 4129.04296875
349, 1548.0875842571259, 1, 14.746483019000152, 256, 169324,                                             169324, 0.0, 3564.939697265625
350, -2671.1456750631332, 3, 3.708136548000766, 60, 169384,                                             169384, 0.0, 2720.995361328125
351, -4699.163545370102, 4, 49.77718803700009, 872, 170256,                                             170256, 0.0, 4285.76123046875
352, -5220.752967596054, 3, 45.0159883360011, 779, 171035,                                             171035, 0.0, 4801.49951171875
353, -5801.577150225639, 4, 50.84430056000019, 875, 171910,                                             171910, 0.0, 6724.3486328125
354, 1127.5046768188477, 1, 20.96448262100057, 362, 172272,                                             172272, 0.0, 5766.32373046875
355, -4839.16587293148, 3, 30.177720143999977, 516, 172788,                                             172788, 0.0, 5125.5234375
356, -4144.759478807449, 3, 25.98479829899952, 453, 173241,                                             173241, 0.0, 4402.310546875
357, -4006.7860864400864, 3, 23.37550119200023, 397, 173638,                                             173638, 0.0, 5304.212890625
358, 205.181431889534, 1, 32.78730705700036, 574, 174212,                                             174212, 0.0, 4899.46142578125
359, -4215.802133738995, 4, 50.45078873499915, 878, 175090,                                             175090, 0.0, 4772.169921875
360, -5106.066761732101, 3, 25.96476109899959, 462, 175552,                                             175552, 0.0, 5102.275390625
361, -4955.936616301537, 2, 27.34757337799965, 479, 176031,                                             176031, 0.0, 4864.21337890625
362, -4067.9088963866234, 3, 24.37247377099993, 428, 176459,                                             176459, 0.0, 5258.4072265625
363, -4569.925312101841, 3, 27.58528100299918, 474, 176933,                                             176933, 0.0, 4957.4853515625
364, -3963.533707857132, 3, 25.76533045600081, 434, 177367,                                             177367, 0.0, 5684.8134765625
365, -3589.1398772001266, 4, 50.03454426100143, 837, 178204,                                             178204, 0.0, 4420.42822265625
366, -6139.78435921669, 2, 42.21774678099973, 713, 178917,                                             178917, 0.0, 11490.533203125
367, -3534.4523137807846, 4, 49.822499367999626, 822, 179739,                                             179739, 0.0, 4662.1884765625
368, 1250.5376034975052, 1, 12.949895223000567, 215, 179954,                                             179954, 0.0, 5079.3935546875
369, -2789.887664079666, 2, 6.514178737999828, 103, 180057,                                             180057, 0.0, 5163.314453125
370, -4316.966804027557, 3, 22.970894628999304, 375, 180432,                                             180432, 0.0, 4643.31005859375
371, -3726.429907679558, 4, 49.77589149400046, 823, 181255,                                             181255, 0.0, 4680.67578125
372, -3436.5263752937317, 4, 49.843919953000295, 828, 182083,                                             182083, 0.0, 4660.1181640625
373, -3683.0898134708405, 3, 23.362823543999184, 369, 182452,                                             182452, 0.0, 4648.50439453125
374, -4403.021104216576, 4, 49.84396982600083, 814, 183266,                                             183266, 0.0, 4201.12109375
375, -3102.8803629279137, 4, 49.635090280999066, 810, 184076,                                             184076, 0.0, 4618.2998046875
376, -3126.1611377596855, 4, 50.042577455000355, 807, 184883,                                             184883, 0.0, 4283.6474609375
377, 842.2341787815094, 1, 26.788645172999168, 438, 185321,                                             185321, 0.0, 3533.177734375
378, 1481.1919302940369, 1, 19.194831347998843, 308, 185629,                                             185629, 0.0, 4313.119140625
379, -3991.822523355484, 3, 22.327919772000314, 365, 185994,                                             185994, 0.0, 4573.2451171875
380, -4407.98478603363, 3, 26.179379225000957, 424, 186418,                                             186418, 0.0, 4062.66943359375
381, -3740.388159573078, 4, 49.76660019300107, 809, 187227,                                             187227, 0.0, 5932.8505859375
382, -3730.6120232343674, 4, 49.84376593300112, 824, 188051,                                             188051, 0.0, 136836.53125
383, -4531.96032845974, 4, 49.63164437300111, 843, 188894,                                             188894, 0.0, 3823.540283203125
384, -6793.889331817627, 2, 49.64514777400109, 827, 189721,                                             189721, 0.0, 4094.363037109375
385, -4002.571852326393, 4, 49.82001544800005, 847, 190568,                                             190568, 0.0, 3985.390380859375
386, -3827.575082063675, 3, 22.97219957500056, 391, 190959,                                             190959, 0.0, 4377.5068359375
387, 640.0755610764027, 1, 27.16962184699878, 471, 191430,                                             191430, 0.0, 4005.9794921875
388, 1969.2148622274399, 1, 11.771668445000614, 207, 191637,                                             191637, 0.0, 3666.107421875
389, -3776.670394361019, 4, 50.009063215000424, 872, 192509,                                             192509, 0.0, 4411.458984375
390, -5498.25746679306, 2, 35.794816658000855, 627, 193136,                                             193136, 0.0, 4291.59912109375
391, -2883.9146173000336, 3, 10.698418142999799, 183, 193319,                                             193319, 0.0, 3211209.5
392, -3885.8823935985565, 4, 49.833005296999545, 871, 194190,                                             194190, 0.0, 37034.37109375
393, -4045.451502084732, 3, 25.3648930190011, 437, 194627,                                             194627, 0.0, 4619.84033203125
394, -3268.6056458950043, 3, 13.547987081999963, 231, 194858,                                             194858, 0.0, 48912.96484375
395, -3638.394602417946, 3, 18.750815497000076, 310, 195168,                                             195168, 0.0, 4001.563232421875
396, -3693.6660834550858, 2, 12.33123654100018, 198, 195366,                                             195366, 0.0, 3767.45654296875
397, -4544.04886007309, 3, 27.81214577600076, 462, 195828,                                             195828, 0.0, 4849.6220703125
398, -7146.047043323517, 3, 47.59401378599978, 780, 196608,                                             196608, 0.0, 5123.94091796875
399, -2962.1337001919746, 4, 49.832164974999614, 813, 197421,                                             197421, 0.0, 14313.892578125
400, -4297.804787099361, 4, 50.04263673800051, 830, 198251,                                             198251, 0.0, 4167.5341796875
401, -3177.221538901329, 2, 15.49515834200065, 248, 198499,                                             198499, 0.0, 4613.2099609375
402, -4765.799298524857, 4, 49.801570204999734, 803, 199302,                                             199302, 0.0, 4532.96875
403, -4699.665149271488, 2, 39.21120345000054, 654, 199956,                                             199956, 0.0, 900935.125
404, -3886.596419453621, 3, 21.15599031400052, 364, 200320,                                             200320, 0.0, 3812.94921875
405, -3333.068372130394, 2, 13.14848216899918, 222, 200542,                                             200542, 0.0, 3921.87353515625
406, -4216.5697211027145, 3, 23.808293242000218, 420, 200962,                                             200962, 0.0, 4078.650634765625
407, -3962.3091494441032, 4, 49.982589077999364, 873, 201835,                                             201835, 0.0, 4124.23876953125
408, -3978.563209414482, 4, 50.440502662000654, 903, 202738,                                             202738, 0.0, 4482.8955078125
409, -3863.309654891491, 2, 24.177076731000852, 431, 203169,                                             203169, 0.0, 4936.6533203125
410, -7159.869967699051, 2, 40.00314402500044, 714, 203883,                                             203883, 0.0, 4422.146484375
411, -4971.035392999649, 3, 28.32950052599881, 506, 204389,                                             204389, 0.0, 3458.089111328125
412, -4717.503050088882, 3, 25.38819653599967, 449, 204838,                                             204838, 0.0, 4232.5546875
413, -3836.6346123814583, 4, 49.83107498899881, 876, 205714,                                             205714, 0.0, 4496.17041015625
414, -4362.817026376724, 4, 50.64809996400072, 883, 206597,                                             206597, 0.0, 4189.638671875
415, 2031.9713164567947, 1, 8.739502365999215, 153, 206750,                                             206750, 0.0, 3155.551025390625
416, -3109.6036950945854, 4, 50.622073009000815, 878, 207628,                                             207628, 0.0, 4651.18603515625
417, -1063.8300368189812, 1, 35.80770132500038, 617, 208245,                                             208245, 0.0, 4609.958984375
418, -4462.538068413734, 4, 50.63216177599861, 862, 209107,                                             209107, 0.0, 4249.3095703125
419, -3029.9720314741135, 3, 11.542686839000453, 194, 209301,                                             209301, 0.0, 3980.923095703125
420, 1626.040222465992, 1, 12.742749389999517, 207, 209508,                                             209508, 0.0, 5493.7685546875
421, -3858.501937031746, 4, 50.56623210699945, 820, 210328,                                             210328, 0.0, 5185.22607421875
422, -5448.777783274651, 2, 37.00296810600048, 573, 210901,                                             210901, 0.0, 4064.2919921875
423, -5420.5165585279465, 2, 35.61022918500021, 554, 211455,                                             211455, 0.0, 4349.06103515625
424, -3519.563582777977, 4, 51.03708984599871, 785, 212240,                                             212240, 0.0, 3825.801025390625
425, 804.1942202448845, 1, 28.78836440700252, 435, 212675,                                             212675, 0.0, 4618.56396484375
426, 1542.084209382534, 1, 21.16363637899849, 319, 212994,                                             212994, 0.0, 5266.53076171875
427, -3567.39346152544, 3, 23.157496567000635, 359, 213353,                                             213353, 0.0, 4308.27392578125
428, -3482.031567811966, 4, 50.63775821500167, 775, 214128,                                             214128, 0.0, 1084007.5
429, -3374.2984181642532, 4, 49.6368420209983, 785, 214913,                                             214913, 0.0, 4437.5771484375
430, -3366.238689184189, 4, 49.64102076800191, 788, 215701,                                             215701, 0.0, 4708.5556640625
431, -4116.581725358963, 3, 25.7007010289999, 404, 216105,                                             216105, 0.0, 5097.24462890625
432, -4517.897360801697, 3, 34.20568557200022, 542, 216647,                                             216647, 0.0, 4953.7763671875
433, -3100.9473139047623, 3, 14.356685170001583, 227, 216874,                                             216874, 0.0, 3309.001220703125
434, -4036.784371972084, 4, 49.8210954410024, 787, 217661,                                             217661, 0.0, 3828.25341796875
435, -3508.2845361232758, 2, 20.75969528299902, 339, 218000,                                             218000, 0.0, 4045.219482421875
436, -3720.655062675476, 4, 49.8277049190001, 802, 218802,                                             218802, 0.0, 4530.74267578125
437, -4163.884382486343, 4, 49.84775339399857, 814, 219616,                                             219616, 0.0, 4195.37451171875
438, -3912.938396215439, 3, 22.352248252998834, 349, 219965,                                             219965, 0.0, 4652.23193359375
439, -3954.561171770096, 2, 22.16519045500172, 362, 220327,                                             220327, 0.0, 3489.6923828125
440, -3718.3906738758087, 2, 17.549178896999365, 289, 220616,                                             220616, 0.0, 4802.2666015625
441, -4010.90664601326, 4, 50.56553177399837, 807, 221423,                                             221423, 0.0, 4664.44287109375
442, -4931.317443370819, 4, 50.0277624549999, 778, 222201,                                             222201, 0.0, 5127.75439453125
443, -4711.73372399807, 2, 32.45710018200043, 512, 222713,                                             222713, 0.0, 4140.8876953125
444, -3353.0733266472816, 2, 17.290055793000647, 267, 222980,                                             222980, 0.0, 4346.0068359375
445, -4669.110725522041, 3, 18.363148465999984, 292, 223272,                                             223272, 0.0, 4034.76806640625
446, -3380.154020547867, 4, 49.648564545001136, 791, 224063,                                             224063, 0.0, 4187.65087890625
447, -4486.630893111229, 4, 50.044737539999915, 770, 224833,                                             224833, 0.0, 3893.330810546875
448, -3585.207645535469, 4, 49.84081415200126, 773, 225606,                                             225606, 0.0, 4076.7998046875
449, -3998.851082921028, 4, 49.829430447996856, 780, 226386,                                             226386, 0.0, 4578.947265625
450, -2606.798950791359, 3, 9.339184038002713, 145, 226531,                                             226531, 0.0, 5158.40234375
451, -3646.806137561798, 3, 20.493070561999048, 307, 226838,                                             226838, 0.0, 4309.05517578125
452, -3361.1273509263992, 4, 49.82075078200069, 763, 227601,                                             227601, 0.0, 4184.4521484375
453, -3703.451938211918, 2, 14.95263047499975, 212, 227813,                                             227813, 0.0, 4717.43115234375
454, -72.08815455436707, 1, 32.97756652199678, 510, 228323,                                             228323, 0.0, 4477.6259765625
455, -3758.421456515789, 2, 27.58676321999883, 412, 228735,                                             228735, 0.0, 4719.9072265625
456, -3729.43212223053, 3, 24.375844459998916, 382, 229117,                                             229117, 0.0, 5163.25927734375
457, -3529.2863043546677, 4, 49.84149126000193, 768, 229885,                                             229885, 0.0, 4031.573486328125
458, -4025.133164048195, 3, 25.557082358001935, 388, 230273,                                             230273, 0.0, 4071.8408203125
459, -1596.0033367276192, 1, 50.27937552599906, 784, 231057,                                             231057, 0.0, 4151.05810546875
460, -2684.4044511318207, 3, 6.080402178999066, 92, 231149,                                             231149, 0.0, 4117.2890625
461, -5119.743533015251, 2, 32.12495057900014, 502, 231651,                                             231651, 0.0, 3716.92333984375
462, -3350.875258743763, 4, 50.049627373002295, 739, 232390,                                             232390, 0.0, 4300.38037109375
463, -3951.7842350006104, 4, 50.03587109500222, 762, 233152,                                             233152, 0.0, 3537.05419921875
464, 164.1162804365158, 1, 28.78759130799881, 437, 233589,                                             233589, 0.0, 1575403.875
465, -523.6651440858841, 1, 40.398886768998636, 638, 234227,                                             234227, 0.0, 10717.5263671875
466, -3217.3402235507965, 4, 49.83044434600015, 769, 234996,                                             234996, 0.0, 3688.44873046875
467, -2867.019658088684, 2, 6.772641807998298, 108, 235104,                                             235104, 0.0, 5818.07275390625
468, 388.4858227968216, 1, 24.53581937999843, 387, 235491,                                             235491, 0.0, 4583.32763671875
469, -2237.706062436104, 2, 2.5230611929982842, 37, 235528,                                             235528, 0.0, 3894.7001953125
470, -4994.234098911285, 2, 33.18012653999904, 525, 236053,                                             236053, 0.0, 27411.69140625
471, -4730.89019203186, 2, 36.13576057499813, 560, 236613,                                             236613, 0.0, 9926.880859375
472, -4389.440742015839, 2, 30.999897933001193, 476, 237089,                                             237089, 0.0, 3580.67578125
473, 1403.9965389966965, 1, 18.960946120998415, 302, 237391,                                             237391, 0.0, 3808.08642578125
474, 1981.9983140826225, 1, 12.946287763003056, 208, 237599,                                             237599, 0.0, 3819.3369140625
475, -4893.876848936081, 3, 37.61278275299992, 597, 238196,                                             238196, 0.0, 3205.89990234375
476, -3792.598836660385, 3, 21.369598175002466, 342, 238538,                                             238538, 0.0, 3866.81103515625
477, -3547.0596408843994, 4, 49.64504343999943, 793, 239331,                                             239331, 0.0, 4009.983642578125
478, 835.669342815876, 1, 27.180349442001898, 417, 239748,                                             239748, 0.0, 4077.685546875
479, -3940.3414462804794, 4, 50.23019899599967, 790, 240538,                                             240538, 0.0, 3813.535400390625
480, -4053.444040477276, 4, 49.65339826299896, 772, 241310,                                             241310, 0.0, 3648.666015625
481, -3110.0616487264633, 3, 14.730452202999004, 227, 241537,                                             241537, 0.0, 3919.816162109375
482, 1239.906897842884, 1, 22.977305827000237, 349, 241886,                                             241886, 0.0, 3798.687255859375
483, -3199.78728723526, 2, 16.94610893999925, 259, 242145,                                             242145, 0.0, 3918.7568359375
484, -3520.9030932188034, 3, 18.56111027499719, 283, 242428,                                             242428, 0.0, 3389.584228515625
485, -4289.7462948560715, 2, 24.760601394998957, 372, 242800,                                             242800, 0.0, 3921.5009765625
486, -4019.439079761505, 4, 50.440337174997694, 759, 243559,                                             243559, 0.0, 3950.571044921875
487, 105.98682969808578, 1, 30.77577918300085, 464, 244023,                                             244023, 0.0, 4166.50732421875
488, -2752.7962930202484, 2, 7.342682598002284, 108, 244131,                                             244131, 0.0, 3935.9423828125
489, -3040.5447621941566, 3, 15.342291125001793, 238, 244369,                                             244369, 0.0, 4077.475341796875
490, 2033.2017560899258, 1, 11.348639510000794, 173, 244542,                                             244542, 0.0, 4059.214599609375
491, -3449.078349173069, 2, 18.063867546999973, 278, 244820,                                             244820, 0.0, 4450.0693359375
492, -3862.952246427536, 3, 24.58315510399916, 383, 245203,                                             245203, 0.0, 3988.9716796875
493, 1037.7427879869938, 1, 26.183551342997816, 400, 245603,                                             245603, 0.0, 4604.322265625
494, -3701.50148165226, 2, 29.371767481999996, 451, 246054,                                             246054, 0.0, 3930.143310546875
495, -5290.77678245306, 2, 39.60979032599789, 615, 246669,                                             246669, 0.0, 4309.1572265625
496, -4030.5704439282417, 2, 30.38817221700083, 467, 247136,                                             247136, 0.0, 4167.5830078125
497, -4666.911854505539, 2, 35.39638273300079, 537, 247673,                                             247673, 0.0, 5119.79052734375
498, -3105.8352477550507, 3, 15.755463093999424, 245, 247918,                                             247918, 0.0, 4737.3388671875
499, -2816.9347167015076, 2, 6.918186152000999, 105, 248023,                                             248023, 0.0, 4609.880859375
500, -5629.96271944046, 2, 46.41806389799967, 711, 248734,                                             248734, 0.0, 4519.8837890625
501, 613.0090533941984, 1, 22.730964646001667, 345, 249079,                                             249079, 0.0, 4341.86181640625
502, -6230.0682782530785, 2, 49.0239379199993, 734, 249813,                                             249813, 0.0, 4547.04541015625
503, 1907.5491179823875, 1, 14.152252432999376, 215, 250028,                                             250028, 0.0, 4888.1640625
504, -2874.8296929597855, 2, 9.121753172999888, 133, 250161,                                             250161, 0.0, 3563.5693359375
505, 517.43880879879, 1, 34.611538307002775, 530, 250691,                                             250691, 0.0, 5511.93017578125
506, 239.52489149570465, 1, 25.367163375998643, 389, 251080,                                             251080, 0.0, 4570.6728515625
507, -4339.304884672165, 4, 49.84171632899961, 768, 251848,                                             251848, 0.0, 129351.6015625
508, -3790.5782222151756, 4, 51.03654244900099, 808, 252656,                                             252656, 0.0, 4499.1171875
509, 1093.5896155536175, 1, 24.19944241199846, 395, 253051,                                             253051, 0.0, 4742.0791015625
510, -2732.844577908516, 2, 7.696085380001023, 119, 253170,                                             253170, 0.0, 4200.3974609375
511, -4280.86093878746, 2, 24.286400177999894, 375, 253545,                                             253545, 0.0, 4478.69140625
512, -4568.059897542, 2, 33.38748080500227, 538, 254083,                                             254083, 0.0, 4340.00146484375
513, -3565.9080722332, 3, 18.349303381000936, 307, 254390,                                             254390, 0.0, 4147.6640625
514, -2853.3546130657196, 2, 6.5337488840013975, 107, 254497,                                             254497, 0.0, 3587.14892578125
515, -4315.634738206863, 3, 26.38306983900111, 428, 254925,                                             254925, 0.0, 4341.5986328125
516, -514.6203977763653, 1, 31.800852060998295, 519, 255444,                                             255444, 0.0, 4195.3046875
517, -3646.8038442730904, 2, 18.159174078999058, 295, 255739,                                             255739, 0.0, 4082.48095703125
518, -5182.613373637199, 2, 35.80671695599813, 587, 256326,                                             256326, 0.0, 4470.15185546875
519, -3746.9541087150574, 3, 23.969347152997216, 388, 256714,                                             256714, 0.0, 5127.6708984375
520, -3610.793947696686, 3, 20.764080459997786, 353, 257067,                                             257067, 0.0, 4474.3271484375
521, -3818.9429441690445, 4, 50.94092206500136, 846, 257913,                                             257913, 0.0, 4513.68017578125
522, 2311.3836089372635, 1, 5.129859088003286, 82, 257995,                                             257995, 0.0, 4845.8828125
523, -3346.2689121961594, 3, 17.74373674999879, 293, 258288,                                             258288, 0.0, 5228.56298828125
524, 1832.6445614099503, 1, 12.139836569000181, 203, 258491,                                             258491, 0.0, 4018.81005859375
525, -2748.3995396494865, 3, 7.916984864001279, 127, 258618,                                             258618, 0.0, 4577.572265625
526, 1789.139352619648, 1, 15.758186513998226, 257, 258875,                                             258875, 0.0, 4132.66552734375
527, -3873.7697840332985, 4, 50.63365873099974, 848, 259723,                                             259723, 0.0, 4371.5302734375
528, -5434.513310313225, 2, 14.953327212002478, 251, 259974,                                             259974, 0.0, 4496.74560546875
529, 271.2613983154297, 1, 35.402303501999995, 608, 260582,                                             260582, 0.0, 4333.22412109375
530, -4191.146738409996, 2, 18.751734645000397, 308, 260890,                                             260890, 0.0, 3936.81494140625
531, -4335.831800341606, 3, 29.509691684001154, 489, 261379,                                             261379, 0.0, 4169.82177734375
532, 1297.9593826532364, 1, 12.947835241997382, 211, 261590,                                             261590, 0.0, 4332.66455078125
533, -2952.473829627037, 2, 10.324439036001422, 170, 261760,                                             261760, 0.0, 5089.478515625
534, -2968.5141981840134, 3, 11.743758343000081, 192, 261952,                                             261952, 0.0, 4422.83642578125
535, -3599.059006214142, 3, 18.547356111001136, 308, 262260,                                             262260, 0.0, 4218.45849609375
536, -5440.236798346043, 2, 44.2324651859999, 752, 263012,                                             263012, 0.0, 4505.4443359375
537, -6416.998508214951, 3, 31.800603413001227, 539, 263551,                                             263551, 0.0, 4344.76806640625
538, -4569.304998278618, 2, 30.370602653998503, 511, 264062,                                             264062, 0.0, 4723.5830078125
539, -5831.610737681389, 3, 37.81161809900004, 626, 264688,                                             264688, 0.0, 4268.63037109375
540, 295.1979385614395, 1, 26.759109779999562, 437, 265125,                                             265125, 0.0, 4918.697265625
541, -4438.876291453838, 2, 16.272511903000122, 253, 265378,                                             265378, 0.0, 13196.5986328125
542, -5327.90755212307, 3, 40.39909476899993, 664, 266042,                                             266042, 0.0, 5307.04248046875
543, -2817.7102485895157, 2, 8.738499410999793, 137, 266179,                                             266179, 0.0, 5379.2275390625
544, -3373.4576766490936, 2, 13.552095597002335, 215, 266394,                                             266394, 0.0, 4485.7255859375
545, 1944.053609907627, 1, 12.729534902999148, 207, 266601,                                             266601, 0.0, 4430.4228515625
546, -3234.625483393669, 2, 13.334759053999733, 222, 266823,                                             266823, 0.0, 4715.86279296875
547, 253.9047641158104, 1, 34.6268009359992, 562, 267385,                                             267385, 0.0, 4489.046875
548, -450.0568023920059, 1, 40.388810915999784, 656, 268041,                                             268041, 0.0, 4781.7666015625
549, -2406.2147496938705, 3, 2.3290495590008504, 30, 268071,                                             268071, 0.0, 3132.995849609375
550, 1689.4044570922852, 1, 15.152051424000092, 238, 268309,                                             268309, 0.0, 4275.62353515625
551, -5008.950318038464, 2, 29.666953117000958, 475, 268784,                                             268784, 0.0, 114097.9296875
